SII Area:
  05 0e 03 0e 00 00 00 00 00 00 00 00 00 00 d8 00
  02 00 00 00 52 40 ed 13 0b 00 13 00 00 00 00 00
  00 00 00 00 00 00 00 00 00 10 f4 00 f4 10 f4 00
  00 10 80 00 80 10 80 00 0c 00 00 00 00 00 00 00
  02 00 15 00 99 11 00 00 00 00 00 00 00 00 00 00
  00 00 00 00 00 00 00 00 00 00 00 00 00 00 00 00
  00 00 00 00 00 00 00 00 00 00 00 00 00 00 00 00
  00 00 00 00 00 00 00 00 00 00 00 00 0f 00 01 00
SII Category 0x000a (STRINGS), 436 words
  2a 0b 45 50 35 31 30 31 2d 30 30 31 31 11 46 69
  65 6c 64 62 75 73 42 6f 78 45 50 35 78 78 78 1e
  45 74 68 65 72 43 41 54 20 46 65 6c 64 62 75 73
  62 6f 78 65 6e 20 28 45 50 35 78 78 78 29 28 45
  50 35 31 30 31 2d 30 30 31 31 20 31 4b 2e 20 49
  6e 63 2e 20 45 6e 63 6f 64 65 72 20 35 56 2c 20
  44 2d 53 55 42 31 35 08 53 79 6e 63 68 72 6f 6e
  02 44 43 04 44 43 49 4e 12 45 4e 43 20 53 74 61
  74 75 73 20 63 6f 6d 70 61 63 74 15 53 74 61 74
  75 73 5f 5f 4c 61 74 63 68 20 43 20 76 61 6c 69
  64 1a 53 74 61 74 75 73 5f 5f 4c 61 74 63 68 20
  65 78 74 65 72 6e 20 76 61 6c 69 64 18 53 74 61
  74 75 73 5f 5f 53 65 74 20 63 6f 75 6e 74 65 72
  20 64 6f 6e 65 19 53 74 61 74 75 73 5f 5f 43 6f
  75 6e 74 65 72 20 75 6e 64 65 72 66 6c 6f 77 18
  53 74 61 74 75 73 5f 5f 43 6f 75 6e 74 65 72 20
  6f 76 65 72 66 6c 6f 77 1e 53 74 61 74 75 73 5f
  5f 53 74 61 74 75 73 20 6f 66 20 69 6e 70 75 74
  20 73 74 61 74 75 73 14 53 74 61 74 75 73 5f 5f
  4f 70 65 6e 20 63 69 72 63 75 69 74 1b 53 74 61
  74 75 73 5f 5f 45 78 74 72 61 70 6f 6c 61 74 69
  6f 6e 20 73 74 61 6c 6c 19 53 74 61 74 75 73 5f
  5f 53 74 61 74 75 73 20 6f 66 20 69 6e 70 75 74
  20 41 19 53 74 61 74 75 73 5f 5f 53 74 61 74 75
  73 20 6f 66 20 69 6e 70 75 74 20 42 19 53 74 61
  74 75 73 5f 5f 53 74 61 74 75 73 20 6f 66 20 69
  6e 70 75 74 20 43 1c 53 74 61 74 75 73 5f 5f 53
  74 61 74 75 73 20 6f 66 20 69 6e 70 75 74 20 67
  61 74 65 1e 53 74 61 74 75 73 5f 5f 53 74 61 74
  75 73 20 6f 66 20 65 78 74 65 72 6e 20 6c 61 74
  63 68 12 53 74 61 74 75 73 5f 5f 53 79 6e 63 20
  65 72 72 6f 72 13 53 74 61 74 75 73 5f 5f 54 78
  50 44 4f 20 53 74 61 74 65 14 53 74 61 74 75 73
  5f 5f 54 78 50 44 4f 20 54 6f 67 67 6c 65 0d 43
  6f 75 6e 74 65 72 20 76 61 6c 75 65 0b 4c 61 74
  63 68 20 76 61 6c 75 65 0a 45 4e 43 20 53 74 61
  74 75 73 0d 45 4e 43 20 46 72 65 71 75 65 6e 63
  79 0f 46 72 65 71 75 65 6e 63 79 20 76 61 6c 75
  65 0a 45 4e 43 20 50 65 72 69 6f 64 0c 50 65 72
  69 6f 64 20 76 61 6c 75 65 0b 45 4e 43 20 54 69
  6d 65 73 74 2e 09 54 69 6d 65 73 74 61 6d 70 13
  45 4e 43 20 54 69 6d 65 73 74 2e 20 63 6f 6d 70
  61 63 74 13 45 4e 43 20 43 6f 6e 74 72 6f 6c 20
  63 6f 6d 70 61 63 74 17 43 6f 6e 74 72 6f 6c 5f
  5f 45 6e 61 62 6c 65 20 6c 61 74 63 68 20 43 2d
  43 6f 6e 74 72 6f 6c 5f 5f 45 6e 61 62 6c 65 20
  6c 61 74 63 68 20 65 78 74 65 72 6e 20 6f 6e 20
  70 6f 73 69 74 69 76 65 20 65 64 67 65 14 43 6f
  6e 74 72 6f 6c 5f 5f 53 65 74 20 63 6f 75 6e 74
  65 72 2d 43 6f 6e 74 72 6f 6c 5f 5f 45 6e 61 62
  6c 65 20 6c 61 74 63 68 20 65 78 74 65 72 6e 20
  6f 6e 20 6e 65 67 61 74 69 76 65 20 65 64 67 65
  09 43 6f 6e 74 72 6f 6c 5f 5f 11 53 65 74 20 63
  6f 75 6e 74 65 72 20 76 61 6c 75 65 0b 45 4e 43
  20 43 6f 6e 74 72 6f 6c
SII Category 0x001e (General), 16 words
  02 00 01 04 01 07 01 00 00 00 00 04 00 00 03 00
  11 00 00 00 00 00 00 00 00 00 00 00 00 00 00 00
SII Category 0x0028 (FMMU), 2 words
  01 02 03 ff
SII Category 0x0029 (SyncM), 16 words
  00 10 80 00 26 00 01 01 80 10 80 00 22 00 01 02
  00 11 04 00 24 00 01 03 80 11 06 00 20 00 01 04
SII Category 0x0032 (TXPDO), 184 words
  00 1a 12 03 00 08 10 00 00 60 01 09 01 01 00 00
  00 60 02 0a 01 01 00 00 00 60 03 0b 01 01 00 00
  00 60 04 0c 01 01 00 00 00 60 05 0d 01 01 00 00
  00 60 06 0e 01 01 00 00 00 60 07 0f 01 01 00 00
  00 60 08 10 01 01 00 00 00 60 09 11 01 01 00 00
  00 60 0a 12 01 01 00 00 00 60 0b 13 01 01 00 00
  00 60 0c 14 01 01 00 00 00 60 0d 15 01 01 00 00
  32 1c 20 16 01 01 00 00 00 18 07 17 01 01 00 00
  00 18 09 18 01 01 00 00 00 60 11 19 06 10 00 00
  00 60 12 1a 06 10 00 00 01 1a 12 ff 00 1b 10 00
  00 60 01 09 01 01 00 00 00 60 02 0a 01 01 00 00
  00 60 03 0b 01 01 00 00 00 60 04 0c 01 01 00 00
  00 60 05 0d 01 01 00 00 00 60 06 0e 01 01 00 00
  00 60 07 0f 01 01 00 00 00 60 08 10 01 01 00 00
  00 60 09 11 01 01 00 00 00 60 0a 12 01 01 00 00
  00 60 0b 13 01 01 00 00 00 60 0c 14 01 01 00 00
  00 60 0d 15 01 01 00 00 32 1c 20 16 01 01 00 00
  01 18 07 17 01 01 00 00 01 18 09 18 01 01 00 00
  00 60 11 19 07 20 00 00 00 60 12 1a 07 20 00 00
  02 1a 01 ff 00 1c 10 00 00 60 13 1d 07 20 00 00
  03 1a 01 ff 00 1e 10 00 00 60 14 1f 07 20 00 00
  04 1a 01 ff 00 20 10 00 00 60 16 21 1b 40 00 00
  05 1a 01 ff 00 22 10 00 00 60 16 21 07 20 00 00
SII Category 0x0033 (RXPDO), 64 words
  00 16 07 02 00 23 10 00 00 70 01 24 01 01 00 00
  00 70 02 25 01 01 00 00 00 70 03 26 01 01 00 00
  00 70 04 27 01 01 00 00 00 00 00 28 00 04 00 00
  00 00 00 28 00 08 00 00 00 70 11 29 06 10 00 00
  01 16 07 ff 00 2a 10 00 00 70 01 24 01 01 00 00
  00 70 02 25 01 01 00 00 00 70 03 26 01 01 00 00
  00 70 04 27 01 01 00 00 00 00 00 28 00 04 00 00
  00 00 00 28 00 08 00 00 00 70 11 29 07 20 00 00
SII Category 0x003c (DC), 36 words
  00 00 00 00 00 00 00 00 00 00 00 00 00 00 00 00
  00 00 05 00 00 00 00 00 00 00 00 00 00 00 00 00
  00 00 00 00 00 00 20 03 01 00 06 00 00 00 00 00
  00 00 00 00 00 00 00 00 00 00 00 00 00 00 20 03
  01 00 07 00 00 00 00 00
