SII Area:
  04 0d 00 00 00 00 c0 00 00 00 00 00 00 00 b8 00
  02 00 00 00 52 2c 4d 04 00 00 12 00 00 00 00 00
  00 00 00 00 00 00 00 00 00 00 00 00 00 00 00 00
  00 00 00 00 00 00 00 00 00 00 00 00 00 00 00 00
  01 00 0a 00 8f 5c 00 00 00 00 00 00 00 00 00 00
  00 00 00 00 00 00 00 00 00 00 00 00 00 00 00 00
  00 00 00 00 00 00 00 00 00 00 00 00 00 00 00 00
  00 00 00 00 00 00 00 00 00 00 00 00 0f 00 01 00
SII Category 0x000a (STRINGS), 41 words
  05 06 45 4b 31 31 30 31 08 53 79 73 74 65 6d 42
  6b 0e 53 79 73 74 65 6d 20 4b 6f 70 70 6c 65 72
  2d 45 4b 31 31 30 31 20 45 74 68 65 72 43 41 54
  2d 4b 6f 70 70 6c 65 72 20 28 32 41 20 45 2d 42
  75 73 2c 20 49 44 2d 53 77 69 74 63 68 29 02 49
  44 ff
SII Category 0x001e (General), 16 words
  02 00 01 04 02 00 00 00 00 00 00 00 30 f8 03 00
  31 01 00 00 00 00 00 00 00 00 00 00 00 00 00 00
SII Category 0x0028 (FMMU), 1 words
  02 ff
SII Category 0x0029 (SyncM), 4 words
  00 10 00 00 00 00 00 04
SII Category 0x0032 (TXPDO), 8 words
  00 1a 01 00 00 05 10 00 00 60 01 05 06 10 00 00
