SII Area:
  05 00 03 00 00 00 00 00 00 00 00 00 00 00 af 00
  02 00 00 00 52 30 72 17 00 00 13 00 00 00 00 00
  00 00 00 00 00 00 00 00 00 10 f4 00 f4 10 f4 00
  00 10 80 00 80 10 80 00 0c 00 00 00 00 00 00 00
  04 00 10 00 15 0b 00 00 00 00 00 00 00 00 00 00
  00 00 00 00 00 00 00 00 00 00 00 00 00 00 00 00
  00 00 00 00 00 00 00 00 00 00 00 00 00 00 00 00
  00 00 00 00 00 00 00 00 00 00 00 00 0f 00 01 00
SII Category 0x000a (STRINGS), 43 words
  04 06 45 4c 36 30 30 32 0d 43 6f 6d 6d 75 6e 69
  63 61 74 69 6f 6e 20 43 6f 6d 6d 75 6e 69 63 61
  74 69 6f 6e 20 54 65 72 6d 69 6e 61 6c 73 20 28
  45 4c 36 78 78 78 29 1d 45 4c 36 30 30 32 20 49
  6e 74 65 72 66 61 63 65 20 32 43 68 2e 20 28 52
  53 32 33 32 29 ff
SII Category 0x001e (General), 16 words
  02 00 01 04 0c 27 01 00 00 00 0a 04 aa 00 03 00
  33 00 00 00 00 00 00 00 00 00 00 00 00 00 00 00
SII Category 0x0028 (FMMU), 2 words
  01 02 03 ff
SII Category 0x0029 (SyncM), 16 words
  00 10 80 00 26 00 01 01 80 10 80 00 22 00 01 02
  00 11 30 00 24 00 01 03 20 12 30 00 20 00 01 04
