SII Area:
  80 0c 04 66 00 00 00 00 00 00 00 00 00 00 06 00
  8d 00 00 02 64 00 00 00 05 00 00 00 00 00 00 00
  00 00 00 00 00 00 00 00 00 10 78 05 78 15 78 05
  00 10 78 05 78 15 78 05 0e 00 00 00 00 00 00 00
  00 00 00 00 00 00 00 00 00 00 00 00 00 00 00 00
  00 00 00 00 00 00 00 00 00 00 00 00 00 00 00 00
  00 00 00 00 00 00 00 00 00 00 00 00 00 00 00 00
  00 00 00 00 00 00 00 00 00 00 00 00 0f 00 01 00
SII Category 0x0800 (unknown), 6 words
  02 00 01 00 00 00 01 00 00 00 01 00
SII Category 0x000a (STRINGS), 15 words
  03 06 46 43 2d 33 30 32 06 44 72 69 76 65 73 0e
  56 4c 54 ae 20 46 43 20 53 65 72 69 65 73
SII Category 0x001e (General), 16 words
  02 00 01 01 01 2f 01 01 00 00 00 04 00 00 03 00
  11 00 00 00 00 00 00 00 00 00 00 00 00 00 00 00
SII Category 0x0028 (FMMU), 2 words
  02 01 03 ff
SII Category 0x0029 (SyncM), 16 words
  00 10 78 05 26 00 01 01 78 15 78 05 22 00 01 02
  f0 1a 04 00 64 00 00 03 f0 1b 04 00 20 00 00 04
