SII Area:
  00 3c 00 00 64 00 00 00 00 00 00 00 00 00 91 00
  88 88 66 66 01 a3 19 20 05 11 19 20 00 00 00 00
  00 00 00 00 00 00 00 00 00 00 00 00 00 00 00 00
  00 10 80 00 00 12 00 01 04 00 00 00 00 00 00 00
  00 00 00 00 00 00 00 00 00 00 00 00 00 00 00 00
  00 00 00 00 00 00 00 00 00 00 00 00 00 00 00 00
  00 00 00 00 00 00 00 00 00 00 00 00 00 00 00 00
  00 00 00 00 00 00 00 00 00 00 00 00 0f 00 01 00
SII Category 0x000a (STRINGS), 289 words
  24 0c 49 48 53 56 35 37 2f 36 30 2d 45 43 0a 49
  48 53 56 20 53 6c 61 76 65 0b 49 48 53 56 20 53
  6c 61 76 65 73 02 44 43 08 53 79 6e 63 68 72 6f
  6e 0c 54 78 50 64 6f 4d 61 70 70 69 6e 67 09 65
  72 72 6f 72 63 6f 64 65 0a 73 74 61 74 75 73 77
  6f 72 64 0f 6f 70 5f 6d 6f 64 65 5f 64 69 73 70
  6c 61 79 0f 61 63 74 75 61 6c 5f 70 6f 73 69 74
  69 6f 6e 12 54 6f 75 63 68 5f 70 72 6f 62 65 5f
  73 74 61 74 75 73 1a 54 6f 75 63 68 5f 70 72 6f
  62 65 5f 70 6f 73 31 5f 70 6f 73 5f 76 61 6c 75
  65 1a 54 6f 75 63 68 5f 70 72 6f 62 65 5f 70 6f
  73 31 5f 6e 65 67 5f 76 61 6c 75 65 1a 54 6f 75
  63 68 5f 70 72 6f 62 65 5f 70 6f 73 32 5f 70 6f
  73 5f 76 61 6c 75 65 1a 54 6f 75 63 68 5f 70 72
  6f 62 65 5f 70 6f 73 32 5f 6e 65 67 5f 76 61 6c
  75 65 0d 64 69 67 74 61 6c 5f 69 6e 70 75 74 73
  0f 61 63 74 75 61 6c 5f 76 65 6c 6f 63 69 74 79
  11 66 6f 6c 6c 6f 77 5f 65 72 72 5f 61 63 74 75
  61 6c 13 54 6f 72 71 75 65 5f 61 63 74 75 61 6c
  5f 76 61 6c 75 65 0c 52 78 50 64 6f 4d 61 70 70
  69 6e 67 0b 63 6f 6e 74 72 6f 6c 77 6f 72 64 07
  6f 70 5f 6d 6f 64 65 0f 74 61 72 67 65 74 5f 70
  6f 73 69 74 69 6f 6e 14 54 6f 75 63 68 5f 70 72
  6f 62 65 5f 66 75 6e 63 74 69 6f 6e 10 70 68 79
  73 69 63 61 6c 5f 6f 75 74 70 75 74 73 08 62 69
  74 5f 6d 61 73 6b 0f 74 61 72 67 72 74 5f 76 65
  6c 6f 63 69 74 79 0d 74 61 72 67 65 74 5f 74 6f
  72 71 75 65 10 70 72 6f 66 69 6c 65 5f 76 65 6c
  6f 63 69 74 79 14 70 72 6f 66 69 6c 65 5f 61 63
  63 65 6c 65 72 61 74 69 6f 6e 14 70 72 6f 66 69
  6c 65 5f 64 65 63 65 6c 65 72 61 74 69 6f 6e 0b
  68 6f 6d 65 5f 6f 66 66 73 65 74 0b 68 6f 6d 65
  5f 6d 65 74 68 6f 64 14 68 6f 6d 65 5f 73 77 69
  74 63 68 5f 76 65 6c 6f 63 69 74 79 12 68 6f 6d
  65 5f 7a 65 72 6f 5f 76 65 6c 6f 63 69 74 79 11
  68 6f 6d 65 5f 61 63 63 65 6c 65 72 61 74 69 6f
  6e ff
SII Category 0x001e (General), 16 words
  02 00 01 01 01 2f 00 00 00 01 00 04 00 00 03 00
  11 00 00 00 00 00 00 00 00 00 00 00 00 00 00 00
SII Category 0x0028 (FMMU), 2 words
  01 02 03 ff
SII Category 0x0029 (SyncM), 16 words
  00 10 80 00 26 00 01 01 00 12 00 01 22 00 01 02
  00 14 00 00 64 00 01 03 00 16 00 00 20 00 01 04
SII Category 0x0032 (TXPDO), 76 words
  00 1a 0a 03 00 06 01 00 3f 60 00 07 06 10 00 00
  41 60 00 08 06 10 00 00 61 60 00 09 02 08 00 00
  64 60 00 0a 04 20 00 00 b9 60 00 0b 06 10 00 00
  ba 60 00 0c 04 20 00 00 bb 60 00 0d 04 20 00 00
  bc 60 00 0e 04 20 00 00 bd 60 00 0f 04 20 00 00
  fd 60 00 10 07 20 00 00 01 1a 03 ff 00 06 00 00
  61 60 00 09 02 08 00 00 6c 60 00 11 04 20 00 00
  f4 60 00 12 04 20 00 00 02 1a 02 ff 00 06 00 00
  3f 60 00 07 06 10 00 00 77 60 00 13 03 10 00 00
  03 1a 00 ff 00 06 00 00
SII Category 0x0033 (RXPDO), 108 words
  00 16 06 02 00 14 01 00 40 60 00 15 06 10 00 00
  60 60 00 16 02 08 00 00 7a 60 00 17 04 20 00 00
  b8 60 00 18 06 10 00 00 fe 60 01 19 07 20 00 00
  fe 60 02 1a 07 20 00 00 01 16 06 ff 00 14 00 00
  40 60 00 15 06 10 00 00 60 60 00 16 02 08 00 00
  ff 60 00 1b 04 20 00 00 b8 60 00 18 06 10 00 00
  fe 60 01 19 07 20 00 00 fe 60 02 1a 07 20 00 00
  02 16 06 ff 00 14 00 00 71 60 00 1c 03 10 00 00
  81 60 00 1d 07 20 00 00 83 60 00 1e 07 20 00 00
  84 60 00 1f 07 20 00 00 fe 60 01 19 07 20 00 00
  fe 60 02 1a 07 20 00 00 03 16 05 ff 00 14 00 00
  7c 60 00 20 04 20 00 00 98 60 00 21 02 08 00 00
  99 60 01 22 04 20 00 00 99 60 02 23 04 20 00 00
  9a 60 00 24 07 20 00 00
SII Category 0x003c (DC), 24 words
  00 00 00 00 00 00 00 00 00 00 00 00 00 00 00 03
  01 00 04 00 00 00 00 00 00 00 00 00 00 00 00 00
  00 00 00 00 00 00 00 00 01 00 05 00 00 00 00 00
